Evento: 0 Counts: 191 Charge: 19.100000 
Evento: 1 Counts: 731 Charge: 73.100000 
Evento: 2 Counts: 464 Charge: 46.400000 
